# STEP I: Set correlation matrix for S

# 15 variables, 3 constructs with 5 variables each (conflict, ambivalence, maintenance)
S <- matrix(c(1.00000, 0.58532, 0.60861, 0.63821, 0.60726 , 0.19634,  0.20470,  0.16537,  0.15152,  0.12835,  0.06796, 0.19126,  0.18235,  0.06326, 0.12748,
              0.58532, 1.00000, 0.58533, 0.57862, 0.59925,  0.30879,  0.28136 , 0.25502,  0.28721,  0.24919,  0.15468, 0.21003,  0.17531,  0.15608, 0.15254,
              0.60861, 0.58533, 1.00000, 0.60880, 0.58689 , 0.29356 , 0.33663,  0.33472,  0.35463,  0.34669,  0.11121, 0.13194,  0.06865,  0.12054, 0.13924,
              0.63821, 0.57862, 0.60880, 1.00000, 0.59694,  0.28820,  0.30869 , 0.28084,  0.33568,  0.31658,  0.09564, 0.21647,  0.19861,  0.12256, 0.14209,
              0.60726, 0.59925, 0.58689, 0.59694, 1.00000 , 0.28436 , 0.26227,  0.24877,  0.34172,  0.35052,  0.07250, 0.16643,  0.10479,  0.11099, 0.07444,
              0.19634, 0.30879, 0.29356, 0.28820, 0.28436,  1.00000,  0.62700 , 0.66242,  0.58551,  0.67884, -0.08351, 0.07671,  0.04059, -0.04901, 0.03420,
              0.20470, 0.28136, 0.33663, 0.30869, 0.26227 , 0.62700 , 1.00000,  0.66926,  0.65772,  0.60823, -0.12091, 0.01050, -0.08253, -0.16360, 0.03734,
              0.16537, 0.25502, 0.33472, 0.28084, 0.24877,  0.66242,  0.66926 , 1.00000,  0.66722,  0.63258, -0.08820, 0.07863,  0.05481, -0.08883, 0.14695,
              0.15152, 0.28721, 0.35463, 0.33568, 0.34172 , 0.58551 , 0.65772,  0.66722,  1.00000,  0.62151, -0.02940, 0.03248,  0.03006, -0.04960, 0.08688,
              0.12835, 0.24919, 0.34669, 0.31658, 0.35052,  0.67884,  0.60823 , 0.63258,  0.62151,  1.00000, -0.10307, 0.06131, -0.08248, -0.06565, 0.05354,
              0.06796, 0.15468, 0.11121, 0.09564, 0.07250 ,-0.08351 ,-0.12091, -0.08820, -0.02940, -0.10307,  1.00000, 0.43092,  0.50106,  0.46820, 0.45281,
              0.19126, 0.21003, 0.13194, 0.21647, 0.16643,  0.07671,  0.01050 , 0.07863,  0.03248,  0.06131,  0.43092, 1.00000,  0.42783,  0.46365, 0.50013,
              0.18235, 0.17531, 0.06865, 0.19861, 0.10479 , 0.04059 ,-0.08253,  0.05481,  0.03006, -0.08248,  0.50106, 0.42783,  1.00000,  0.56989, 0.56869,
              0.06326, 0.15608, 0.12054, 0.12256, 0.11099, -0.04901, -0.16360 ,-0.08883, -0.04960, -0.06565,  0.46820, 0.46365,  0.56989,  1.00000, 0.60948,
              0.12748, 0.15254, 0.13924, 0.14209, 0.07444 , 0.03420 , 0.03734,  0.14695,  0.08688,  0.05354,  0.45281, 0.50013,  0.56869,  0.60948, 1.00000),ncol=15, nrow=15)
